{
 "cells": [
  {
   "cell_type": "markdown",
   "id": "2b52a763",
   "metadata": {
    "lang": "en"
   },
   "source": [
    "# Intro to Machine Learning"
   ]
  },
  {
   "cell_type": "markdown",
   "id": "aerial-american",
   "metadata": {},
   "source": [
    "![elgifderigor](https://media.giphy.com/media/NsBknNwmmWE8WU1q2U/giphy.gif)"
   ]
  },
  {
   "cell_type": "markdown",
   "id": "simple-vault",
   "metadata": {
    "toc": true
   },
   "source": [
    "<h1>Table of Contents<span class=\"tocSkip\"></span></h1>\n",
    "<div class=\"toc\"><ul class=\"toc-item\"><li><span><a href=\"#Some-concepts\" data-toc-modified-id=\"Some-concepts-1\"><span class=\"toc-item-num\">1&nbsp;&nbsp;</span>Some concepts</a></span><ul class=\"toc-item\"><li><span><a href=\"#Estimators\" data-toc-modified-id=\"Estimators-1.1\"><span class=\"toc-item-num\">1.1&nbsp;&nbsp;</span>Estimators</a></span></li><li><span><a href=\"#Bias-Error\" data-toc-modified-id=\"Bias-Error-1.2\"><span class=\"toc-item-num\">1.2&nbsp;&nbsp;</span>Bias Error</a></span></li><li><span><a href=\"#Variance-Error\" data-toc-modified-id=\"Variance-Error-1.3\"><span class=\"toc-item-num\">1.3&nbsp;&nbsp;</span>Variance Error</a></span></li></ul></li><li><span><a href=\"#Types-of-Machine-Learning\" data-toc-modified-id=\"Types-of-Machine-Learning-2\"><span class=\"toc-item-num\">2&nbsp;&nbsp;</span>Types of Machine Learning</a></span></li><li><span><a href=\"#Features\" data-toc-modified-id=\"Features-3\"><span class=\"toc-item-num\">3&nbsp;&nbsp;</span>Features</a></span></li><li><span><a href=\"#Underfitting-and-Overfitting\" data-toc-modified-id=\"Underfitting-and-Overfitting-4\"><span class=\"toc-item-num\">4&nbsp;&nbsp;</span>Underfitting and Overfitting</a></span></li><li><span><a href=\"#Let's-do-it?\" data-toc-modified-id=\"Let's-do-it?-5\"><span class=\"toc-item-num\">5&nbsp;&nbsp;</span>Let's do it?</a></span><ul class=\"toc-item\"><li><span><a href=\"#Let's-practice-ML-with-a-regression-example\" data-toc-modified-id=\"Let's-practice-ML-with-a-regression-example-5.1\"><span class=\"toc-item-num\">5.1&nbsp;&nbsp;</span>Let's practice ML with a regression example</a></span></li><li><span><a href=\"#We-load-a-dataset\" data-toc-modified-id=\"We-load-a-dataset-5.2\"><span class=\"toc-item-num\">5.2&nbsp;&nbsp;</span>We load a dataset</a></span></li><li><span><a href=\"#Train-/-Test-Split---What-is-this?\" data-toc-modified-id=\"Train-/-Test-Split---What-is-this?-5.3\"><span class=\"toc-item-num\">5.3&nbsp;&nbsp;</span>Train / Test Split - What is this?</a></span></li><li><span><a href=\"#Preparing-data-for-train-test-split\" data-toc-modified-id=\"Preparing-data-for-train-test-split-5.4\"><span class=\"toc-item-num\">5.4&nbsp;&nbsp;</span>Preparing data for train test split</a></span></li><li><span><a href=\"#Optional-train-test-split-parameters\" data-toc-modified-id=\"Optional-train-test-split-parameters-5.5\"><span class=\"toc-item-num\">5.5&nbsp;&nbsp;</span>Optional train test split parameters</a></span></li><li><span><a href=\"#We-already-have-the-dataset-divided,-now-we-are-going-to-import-a-model-and-train-it\" data-toc-modified-id=\"We-already-have-the-dataset-divided,-now-we-are-going-to-import-a-model-and-train-it-5.6\"><span class=\"toc-item-num\">5.6&nbsp;&nbsp;</span>We already have the dataset divided, now we are going to import a model and train it</a></span></li><li><span><a href=\"#We-create-our-predictions\" data-toc-modified-id=\"We-create-our-predictions-5.7\"><span class=\"toc-item-num\">5.7&nbsp;&nbsp;</span>We create our predictions</a></span></li><li><span><a href=\"#We-measure-our-model\" data-toc-modified-id=\"We-measure-our-model-5.8\"><span class=\"toc-item-num\">5.8&nbsp;&nbsp;</span>We measure our model</a></span><ul class=\"toc-item\"><li><span><a href=\"#Example-with-a-real-case-of-a-colleague-who-gives-me-data-from-a-house-in-Boston\" data-toc-modified-id=\"Example-with-a-real-case-of-a-colleague-who-gives-me-data-from-a-house-in-Boston-5.8.1\"><span class=\"toc-item-num\">5.8.1&nbsp;&nbsp;</span>Example with a real case of a colleague who gives me data from a house in Boston</a></span></li></ul></li></ul></li><li><span><a href=\"#Extra!-Training-different-models-at-the-same-time\" data-toc-modified-id=\"Extra!-Training-different-models-at-the-same-time-6\"><span class=\"toc-item-num\">6&nbsp;&nbsp;</span>Extra! Training different models at the same time</a></span><ul class=\"toc-item\"><li><span><a href=\"#Store-all-the-models-we-are-going-to-train-in-a-dictionary\" data-toc-modified-id=\"Store-all-the-models-we-are-going-to-train-in-a-dictionary-6.1\"><span class=\"toc-item-num\">6.1&nbsp;&nbsp;</span>Store all the models we are going to train in a dictionary</a></span></li><li><span><a href=\"#Iterate-over-the-models-to-train-them\" data-toc-modified-id=\"Iterate-over-the-models-to-train-them-6.2\"><span class=\"toc-item-num\">6.2&nbsp;&nbsp;</span>Iterate over the models to train them</a></span></li></ul></li><li><span><a href=\"#Cross-Validation\" data-toc-modified-id=\"Cross-Validation-7\"><span class=\"toc-item-num\">7&nbsp;&nbsp;</span>Cross Validation</a></span><ul class=\"toc-item\"><li><span><a href=\"#We-make-CV-to-a-single-model\" data-toc-modified-id=\"We-make-CV-to-a-single-model-7.1\"><span class=\"toc-item-num\">7.1&nbsp;&nbsp;</span>We make CV to a single model</a></span></li><li><span><a href=\"#CV-looping-through-all-models\" data-toc-modified-id=\"CV-looping-through-all-models-7.2\"><span class=\"toc-item-num\">7.2&nbsp;&nbsp;</span>CV looping through all models</a></span></li></ul></li><li><span><a href=\"#Feature-Selection\" data-toc-modified-id=\"Feature-Selection-8\"><span class=\"toc-item-num\">8&nbsp;&nbsp;</span>Feature Selection</a></span></li><li><span><a href=\"#Summary\" data-toc-modified-id=\"Summary-9\"><span class=\"toc-item-num\">9&nbsp;&nbsp;</span>Summary</a></span></li></ul></div>"
   ]
  },
  {
   "cell_type": "markdown",
   "id": "d25fa2aa",
   "metadata": {},
   "source": [
    "![sklearn](images/ext_sklearn.jpeg)"
   ]
  },
  {
   "cell_type": "markdown",
   "id": "7fe8bdd5",
   "metadata": {
    "lang": "en"
   },
   "source": [
    "## Some concepts\n",
    "To understand how a machine learning algorithm learns from data to predict an outcome, it is essential to understand the underlying concepts that go into training an algorithm."
   ]
  },
  {
   "cell_type": "markdown",
   "id": "ab999f7d",
   "metadata": {
    "lang": "en"
   },
   "source": [
    "### Estimators\n",
    "Estimate is a statistical term for finding some estimate of an unknown parameter, given some data. Point estimation is the attempt to provide the best prediction of some quantity of interest.\n",
    "The amount of interest can be:\n",
    " - A single parameter\n",
    " - A vector of parameters - for example, the weights in linear regression\n",
    " - A full function\n",
    "\n",
    "### Bias Error\n",
    "\n",
    "It is the difference between the expected prediction of our model and the true values. Although in the end our goal is always to build models that can predict data very close to the true values, it is not always that easy because some algorithms are simply too rigid to learn complex signals from the data set.\n",
    "\n",
    "Imagine fitting a linear regression to a data set that has a non-linear pattern, no matter how many more observations you collect, a linear regression will not be able to model the curves on that data. This is known as underfitting.\n",
    "\n",
    "In general, parametric algorithms like linear regression have a high bias that makes them quick to learn and easier to understand, but generally less flexible. In turn, they have a lower predictive performance in complex problems.\n",
    "\n",
    "### Variance Error\n",
    "\n",
    "It refers to the amount that the estimate of the objective function will change if different training data is used. The objective function is estimated from the training data by a Machine Learning algorithm, so we should expect the algorithm to have some variance. Ideally it shouldn't change too much from one training dataset to another, which means the algorithm is good at choosing the hidden underlying mapping between the input and output variables.\n",
    "\n",
    "Machine learning algorithms that have a large variance are heavily influenced by the details of the training data, this means that the details of the training influence the number and types of parameters used to characterize the mapping function.\n",
    "\n",
    "Generally, non-parametric machine learning algorithms that have a lot of flexibility have a lot of variation.\n",
    "\n",
    "- Low variance: suggests small changes in the estimate of the objective function with changes in the training data set.\n",
    "- High variance: suggests large changes in the estimate of the objective function with changes in the training data set.\n",
    "Low variance machine learning algorithms include: linear regression, linear discriminant analysis, and logistic regression.\n",
    "\n",
    "On the other hand, the algorithms with high variance are: decision trees, k-nearest neighbors and support vector machines."
   ]
  },
  {
   "cell_type": "markdown",
   "id": "f6ee9c76",
   "metadata": {},
   "source": [
    "<img src=\"https://nvsyashwanth.github.io/machinelearningmaster/assets/images/bias_variance.jpg\" width=\"400\">"
   ]
  },
  {
   "cell_type": "markdown",
   "id": "94b75a54",
   "metadata": {
    "lang": "en"
   },
   "source": [
    "## Types of Machine Learning\n",
    "**- Supervised**\n",
    "The model is trained with labeled data, that is, with data whose basic truth is known. When presented with data and a label, the model infers patterns.\n",
    "\n",
    "**- Unsupervised**\n",
    "There are no basic truths. The model looks for previously undetected patterns, with which to separate the different data points into different clusters.\n",
    "\n",
    "**- Reinforcement**\n",
    "There is also no basic truth. The model's action is valued and a reward or punishment is given accordingly. The goal of the model is to get as many rewards as possible."
   ]
  },
  {
   "cell_type": "markdown",
   "id": "794bb12e",
   "metadata": {
    "lang": "en"
   },
   "source": [
    "## Features\n",
    "**Features** are independent individual variables that act as input to your system. Prediction models use features to\n",
    "make predictions.\n",
    "\n",
    "**Target**\n",
    "The goal is the output of the input variables. They can be the individual classes to which the input variables are assigned in the case of a classification problem or the range of output values ​​in a regression problem."
   ]
  },
  {
   "cell_type": "markdown",
   "id": "b69f061c",
   "metadata": {
    "lang": "en"
   },
   "source": [
    "## Underfitting and Overfitting\n",
    "Splitting a data set can also be important to detect if your model suffers from one of two common problems, called underfitting and overfitting:\n",
    "\n",
    "**underfitting** is usually the consequence of a model being unable to encapsulate relationships between data. For example, this can occur when trying to represent nonlinear relationships with a linear model. Underfitted models are likely to perform poorly on both the training and test sets.\n",
    "\n",
    "**overfitting** usually occurs when a model has an excessively complex structure and learns both relationships between data and noise. These models tend to have poor generalization ability. Although they work well with training data, they tend to perform poorly with unseen (test) data."
   ]
  },
  {
   "cell_type": "markdown",
   "id": "42891daf",
   "metadata": {},
   "source": [
    "<img src=\"https://community.alteryx.com/t5/image/serverpage/image-id/52874iE986B6E19F3248CF?v=v2\" width=\"500\">"
   ]
  },
  {
   "cell_type": "markdown",
   "id": "1d818b71",
   "metadata": {
    "lang": "en"
   },
   "source": [
    "Bias and variance in machine learning --> https://www.analyticslane.com/2019/05/24/the-concepts-of-bias-and-variance-in-machine-learning/"
   ]
  },
  {
   "cell_type": "markdown",
   "id": "97bb69f4",
   "metadata": {
    "lang": "en"
   },
   "source": [
    "## Let's do it?"
   ]
  },
  {
   "cell_type": "markdown",
   "id": "e3cc9340",
   "metadata": {
    "lang": "en"
   },
   "source": [
    "### Let's practice ML with a regression example"
   ]
  },
  {
   "cell_type": "code",
   "execution_count": 2,
   "id": "8eba2240",
   "metadata": {},
   "outputs": [],
   "source": [
    "import pandas as pd\n",
    "import seaborn as sns\n",
    "import numpy as np\n",
    "import plotly.graph_objects as go\n",
    "from sklearn.linear_model import LinearRegression\n",
    "from sklearn.datasets import make_regression"
   ]
  },
  {
   "cell_type": "code",
   "execution_count": 9,
   "id": "71991430",
   "metadata": {},
   "outputs": [
    {
     "data": {
      "text/html": [
       "<div>\n",
       "<style scoped>\n",
       "    .dataframe tbody tr th:only-of-type {\n",
       "        vertical-align: middle;\n",
       "    }\n",
       "\n",
       "    .dataframe tbody tr th {\n",
       "        vertical-align: top;\n",
       "    }\n",
       "\n",
       "    .dataframe thead th {\n",
       "        text-align: right;\n",
       "    }\n",
       "</style>\n",
       "<table border=\"1\" class=\"dataframe\">\n",
       "  <thead>\n",
       "    <tr style=\"text-align: right;\">\n",
       "      <th></th>\n",
       "      <th>CRIM</th>\n",
       "      <th>ZN</th>\n",
       "      <th>INDUS</th>\n",
       "      <th>CHAS</th>\n",
       "      <th>NOX</th>\n",
       "      <th>RM</th>\n",
       "      <th>AGE</th>\n",
       "      <th>DIS</th>\n",
       "      <th>RAD</th>\n",
       "      <th>TAX</th>\n",
       "      <th>PTRATIO</th>\n",
       "      <th>B</th>\n",
       "      <th>LSTAT</th>\n",
       "      <th>MEDV</th>\n",
       "    </tr>\n",
       "  </thead>\n",
       "  <tbody>\n",
       "    <tr>\n",
       "      <th>0</th>\n",
       "      <td>0.00632</td>\n",
       "      <td>18.0</td>\n",
       "      <td>2.31</td>\n",
       "      <td>0.0</td>\n",
       "      <td>0.538</td>\n",
       "      <td>6.575</td>\n",
       "      <td>65.2</td>\n",
       "      <td>4.0900</td>\n",
       "      <td>1.0</td>\n",
       "      <td>296.0</td>\n",
       "      <td>15.3</td>\n",
       "      <td>396.90</td>\n",
       "      <td>4.98</td>\n",
       "      <td>24.0</td>\n",
       "    </tr>\n",
       "    <tr>\n",
       "      <th>1</th>\n",
       "      <td>0.02731</td>\n",
       "      <td>0.0</td>\n",
       "      <td>7.07</td>\n",
       "      <td>0.0</td>\n",
       "      <td>0.469</td>\n",
       "      <td>6.421</td>\n",
       "      <td>78.9</td>\n",
       "      <td>4.9671</td>\n",
       "      <td>2.0</td>\n",
       "      <td>242.0</td>\n",
       "      <td>17.8</td>\n",
       "      <td>396.90</td>\n",
       "      <td>9.14</td>\n",
       "      <td>21.6</td>\n",
       "    </tr>\n",
       "    <tr>\n",
       "      <th>2</th>\n",
       "      <td>0.02729</td>\n",
       "      <td>0.0</td>\n",
       "      <td>7.07</td>\n",
       "      <td>0.0</td>\n",
       "      <td>0.469</td>\n",
       "      <td>7.185</td>\n",
       "      <td>61.1</td>\n",
       "      <td>4.9671</td>\n",
       "      <td>2.0</td>\n",
       "      <td>242.0</td>\n",
       "      <td>17.8</td>\n",
       "      <td>392.83</td>\n",
       "      <td>4.03</td>\n",
       "      <td>34.7</td>\n",
       "    </tr>\n",
       "    <tr>\n",
       "      <th>3</th>\n",
       "      <td>0.03237</td>\n",
       "      <td>0.0</td>\n",
       "      <td>2.18</td>\n",
       "      <td>0.0</td>\n",
       "      <td>0.458</td>\n",
       "      <td>6.998</td>\n",
       "      <td>45.8</td>\n",
       "      <td>6.0622</td>\n",
       "      <td>3.0</td>\n",
       "      <td>222.0</td>\n",
       "      <td>18.7</td>\n",
       "      <td>394.63</td>\n",
       "      <td>2.94</td>\n",
       "      <td>33.4</td>\n",
       "    </tr>\n",
       "    <tr>\n",
       "      <th>4</th>\n",
       "      <td>0.06905</td>\n",
       "      <td>0.0</td>\n",
       "      <td>2.18</td>\n",
       "      <td>0.0</td>\n",
       "      <td>0.458</td>\n",
       "      <td>7.147</td>\n",
       "      <td>54.2</td>\n",
       "      <td>6.0622</td>\n",
       "      <td>3.0</td>\n",
       "      <td>222.0</td>\n",
       "      <td>18.7</td>\n",
       "      <td>396.90</td>\n",
       "      <td>5.33</td>\n",
       "      <td>36.2</td>\n",
       "    </tr>\n",
       "    <tr>\n",
       "      <th>...</th>\n",
       "      <td>...</td>\n",
       "      <td>...</td>\n",
       "      <td>...</td>\n",
       "      <td>...</td>\n",
       "      <td>...</td>\n",
       "      <td>...</td>\n",
       "      <td>...</td>\n",
       "      <td>...</td>\n",
       "      <td>...</td>\n",
       "      <td>...</td>\n",
       "      <td>...</td>\n",
       "      <td>...</td>\n",
       "      <td>...</td>\n",
       "      <td>...</td>\n",
       "    </tr>\n",
       "    <tr>\n",
       "      <th>501</th>\n",
       "      <td>0.06263</td>\n",
       "      <td>0.0</td>\n",
       "      <td>11.93</td>\n",
       "      <td>0.0</td>\n",
       "      <td>0.573</td>\n",
       "      <td>6.593</td>\n",
       "      <td>69.1</td>\n",
       "      <td>2.4786</td>\n",
       "      <td>1.0</td>\n",
       "      <td>273.0</td>\n",
       "      <td>21.0</td>\n",
       "      <td>391.99</td>\n",
       "      <td>9.67</td>\n",
       "      <td>22.4</td>\n",
       "    </tr>\n",
       "    <tr>\n",
       "      <th>502</th>\n",
       "      <td>0.04527</td>\n",
       "      <td>0.0</td>\n",
       "      <td>11.93</td>\n",
       "      <td>0.0</td>\n",
       "      <td>0.573</td>\n",
       "      <td>6.120</td>\n",
       "      <td>76.7</td>\n",
       "      <td>2.2875</td>\n",
       "      <td>1.0</td>\n",
       "      <td>273.0</td>\n",
       "      <td>21.0</td>\n",
       "      <td>396.90</td>\n",
       "      <td>9.08</td>\n",
       "      <td>20.6</td>\n",
       "    </tr>\n",
       "    <tr>\n",
       "      <th>503</th>\n",
       "      <td>0.06076</td>\n",
       "      <td>0.0</td>\n",
       "      <td>11.93</td>\n",
       "      <td>0.0</td>\n",
       "      <td>0.573</td>\n",
       "      <td>6.976</td>\n",
       "      <td>91.0</td>\n",
       "      <td>2.1675</td>\n",
       "      <td>1.0</td>\n",
       "      <td>273.0</td>\n",
       "      <td>21.0</td>\n",
       "      <td>396.90</td>\n",
       "      <td>5.64</td>\n",
       "      <td>23.9</td>\n",
       "    </tr>\n",
       "    <tr>\n",
       "      <th>504</th>\n",
       "      <td>0.10959</td>\n",
       "      <td>0.0</td>\n",
       "      <td>11.93</td>\n",
       "      <td>0.0</td>\n",
       "      <td>0.573</td>\n",
       "      <td>6.794</td>\n",
       "      <td>89.3</td>\n",
       "      <td>2.3889</td>\n",
       "      <td>1.0</td>\n",
       "      <td>273.0</td>\n",
       "      <td>21.0</td>\n",
       "      <td>393.45</td>\n",
       "      <td>6.48</td>\n",
       "      <td>22.0</td>\n",
       "    </tr>\n",
       "    <tr>\n",
       "      <th>505</th>\n",
       "      <td>0.04741</td>\n",
       "      <td>0.0</td>\n",
       "      <td>11.93</td>\n",
       "      <td>0.0</td>\n",
       "      <td>0.573</td>\n",
       "      <td>6.030</td>\n",
       "      <td>80.8</td>\n",
       "      <td>2.5050</td>\n",
       "      <td>1.0</td>\n",
       "      <td>273.0</td>\n",
       "      <td>21.0</td>\n",
       "      <td>396.90</td>\n",
       "      <td>7.88</td>\n",
       "      <td>11.9</td>\n",
       "    </tr>\n",
       "  </tbody>\n",
       "</table>\n",
       "<p>506 rows × 14 columns</p>\n",
       "</div>"
      ],
      "text/plain": [
       "        CRIM    ZN  INDUS  CHAS    NOX     RM   AGE     DIS  RAD    TAX   \n",
       "0    0.00632  18.0   2.31   0.0  0.538  6.575  65.2  4.0900  1.0  296.0  \\\n",
       "1    0.02731   0.0   7.07   0.0  0.469  6.421  78.9  4.9671  2.0  242.0   \n",
       "2    0.02729   0.0   7.07   0.0  0.469  7.185  61.1  4.9671  2.0  242.0   \n",
       "3    0.03237   0.0   2.18   0.0  0.458  6.998  45.8  6.0622  3.0  222.0   \n",
       "4    0.06905   0.0   2.18   0.0  0.458  7.147  54.2  6.0622  3.0  222.0   \n",
       "..       ...   ...    ...   ...    ...    ...   ...     ...  ...    ...   \n",
       "501  0.06263   0.0  11.93   0.0  0.573  6.593  69.1  2.4786  1.0  273.0   \n",
       "502  0.04527   0.0  11.93   0.0  0.573  6.120  76.7  2.2875  1.0  273.0   \n",
       "503  0.06076   0.0  11.93   0.0  0.573  6.976  91.0  2.1675  1.0  273.0   \n",
       "504  0.10959   0.0  11.93   0.0  0.573  6.794  89.3  2.3889  1.0  273.0   \n",
       "505  0.04741   0.0  11.93   0.0  0.573  6.030  80.8  2.5050  1.0  273.0   \n",
       "\n",
       "     PTRATIO       B  LSTAT  MEDV  \n",
       "0       15.3  396.90   4.98  24.0  \n",
       "1       17.8  396.90   9.14  21.6  \n",
       "2       17.8  392.83   4.03  34.7  \n",
       "3       18.7  394.63   2.94  33.4  \n",
       "4       18.7  396.90   5.33  36.2  \n",
       "..       ...     ...    ...   ...  \n",
       "501     21.0  391.99   9.67  22.4  \n",
       "502     21.0  396.90   9.08  20.6  \n",
       "503     21.0  396.90   5.64  23.9  \n",
       "504     21.0  393.45   6.48  22.0  \n",
       "505     21.0  396.90   7.88  11.9  \n",
       "\n",
       "[506 rows x 14 columns]"
      ]
     },
     "execution_count": 9,
     "metadata": {},
     "output_type": "execute_result"
    }
   ],
   "source": [
    "boston = pd.read_csv(\"datasets/boston.csv\")\n",
    "boston"
   ]
  },
  {
   "cell_type": "code",
   "execution_count": 10,
   "id": "92644f4e",
   "metadata": {},
   "outputs": [
    {
     "data": {
      "text/html": [
       "<div>\n",
       "<style scoped>\n",
       "    .dataframe tbody tr th:only-of-type {\n",
       "        vertical-align: middle;\n",
       "    }\n",
       "\n",
       "    .dataframe tbody tr th {\n",
       "        vertical-align: top;\n",
       "    }\n",
       "\n",
       "    .dataframe thead th {\n",
       "        text-align: right;\n",
       "    }\n",
       "</style>\n",
       "<table border=\"1\" class=\"dataframe\">\n",
       "  <thead>\n",
       "    <tr style=\"text-align: right;\">\n",
       "      <th></th>\n",
       "      <th>CRIM</th>\n",
       "      <th>ZN</th>\n",
       "      <th>INDUS</th>\n",
       "      <th>CHAS</th>\n",
       "      <th>NOX</th>\n",
       "      <th>RM</th>\n",
       "      <th>AGE</th>\n",
       "      <th>DIS</th>\n",
       "      <th>RAD</th>\n",
       "      <th>TAX</th>\n",
       "      <th>PTRATIO</th>\n",
       "      <th>B</th>\n",
       "      <th>LSTAT</th>\n",
       "      <th>MEDV</th>\n",
       "    </tr>\n",
       "  </thead>\n",
       "  <tbody>\n",
       "    <tr>\n",
       "      <th>CRIM</th>\n",
       "      <td>1.000000</td>\n",
       "      <td>-0.200469</td>\n",
       "      <td>0.406583</td>\n",
       "      <td>-0.055892</td>\n",
       "      <td>0.420972</td>\n",
       "      <td>-0.219247</td>\n",
       "      <td>0.352734</td>\n",
       "      <td>-0.379670</td>\n",
       "      <td>0.625505</td>\n",
       "      <td>0.582764</td>\n",
       "      <td>0.289946</td>\n",
       "      <td>-0.385064</td>\n",
       "      <td>0.455621</td>\n",
       "      <td>-0.388305</td>\n",
       "    </tr>\n",
       "    <tr>\n",
       "      <th>ZN</th>\n",
       "      <td>-0.200469</td>\n",
       "      <td>1.000000</td>\n",
       "      <td>-0.533828</td>\n",
       "      <td>-0.042697</td>\n",
       "      <td>-0.516604</td>\n",
       "      <td>0.311991</td>\n",
       "      <td>-0.569537</td>\n",
       "      <td>0.664408</td>\n",
       "      <td>-0.311948</td>\n",
       "      <td>-0.314563</td>\n",
       "      <td>-0.391679</td>\n",
       "      <td>0.175520</td>\n",
       "      <td>-0.412995</td>\n",
       "      <td>0.360445</td>\n",
       "    </tr>\n",
       "    <tr>\n",
       "      <th>INDUS</th>\n",
       "      <td>0.406583</td>\n",
       "      <td>-0.533828</td>\n",
       "      <td>1.000000</td>\n",
       "      <td>0.062938</td>\n",
       "      <td>0.763651</td>\n",
       "      <td>-0.391676</td>\n",
       "      <td>0.644779</td>\n",
       "      <td>-0.708027</td>\n",
       "      <td>0.595129</td>\n",
       "      <td>0.720760</td>\n",
       "      <td>0.383248</td>\n",
       "      <td>-0.356977</td>\n",
       "      <td>0.603800</td>\n",
       "      <td>-0.483725</td>\n",
       "    </tr>\n",
       "    <tr>\n",
       "      <th>CHAS</th>\n",
       "      <td>-0.055892</td>\n",
       "      <td>-0.042697</td>\n",
       "      <td>0.062938</td>\n",
       "      <td>1.000000</td>\n",
       "      <td>0.091203</td>\n",
       "      <td>0.091251</td>\n",
       "      <td>0.086518</td>\n",
       "      <td>-0.099176</td>\n",
       "      <td>-0.007368</td>\n",
       "      <td>-0.035587</td>\n",
       "      <td>-0.121515</td>\n",
       "      <td>0.048788</td>\n",
       "      <td>-0.053929</td>\n",
       "      <td>0.175260</td>\n",
       "    </tr>\n",
       "    <tr>\n",
       "      <th>NOX</th>\n",
       "      <td>0.420972</td>\n",
       "      <td>-0.516604</td>\n",
       "      <td>0.763651</td>\n",
       "      <td>0.091203</td>\n",
       "      <td>1.000000</td>\n",
       "      <td>-0.302188</td>\n",
       "      <td>0.731470</td>\n",
       "      <td>-0.769230</td>\n",
       "      <td>0.611441</td>\n",
       "      <td>0.668023</td>\n",
       "      <td>0.188933</td>\n",
       "      <td>-0.380051</td>\n",
       "      <td>0.590879</td>\n",
       "      <td>-0.427321</td>\n",
       "    </tr>\n",
       "    <tr>\n",
       "      <th>RM</th>\n",
       "      <td>-0.219247</td>\n",
       "      <td>0.311991</td>\n",
       "      <td>-0.391676</td>\n",
       "      <td>0.091251</td>\n",
       "      <td>-0.302188</td>\n",
       "      <td>1.000000</td>\n",
       "      <td>-0.240265</td>\n",
       "      <td>0.205246</td>\n",
       "      <td>-0.209847</td>\n",
       "      <td>-0.292048</td>\n",
       "      <td>-0.355501</td>\n",
       "      <td>0.128069</td>\n",
       "      <td>-0.613808</td>\n",
       "      <td>0.695360</td>\n",
       "    </tr>\n",
       "    <tr>\n",
       "      <th>AGE</th>\n",
       "      <td>0.352734</td>\n",
       "      <td>-0.569537</td>\n",
       "      <td>0.644779</td>\n",
       "      <td>0.086518</td>\n",
       "      <td>0.731470</td>\n",
       "      <td>-0.240265</td>\n",
       "      <td>1.000000</td>\n",
       "      <td>-0.747881</td>\n",
       "      <td>0.456022</td>\n",
       "      <td>0.506456</td>\n",
       "      <td>0.261515</td>\n",
       "      <td>-0.273534</td>\n",
       "      <td>0.602339</td>\n",
       "      <td>-0.376955</td>\n",
       "    </tr>\n",
       "    <tr>\n",
       "      <th>DIS</th>\n",
       "      <td>-0.379670</td>\n",
       "      <td>0.664408</td>\n",
       "      <td>-0.708027</td>\n",
       "      <td>-0.099176</td>\n",
       "      <td>-0.769230</td>\n",
       "      <td>0.205246</td>\n",
       "      <td>-0.747881</td>\n",
       "      <td>1.000000</td>\n",
       "      <td>-0.494588</td>\n",
       "      <td>-0.534432</td>\n",
       "      <td>-0.232471</td>\n",
       "      <td>0.291512</td>\n",
       "      <td>-0.496996</td>\n",
       "      <td>0.249929</td>\n",
       "    </tr>\n",
       "    <tr>\n",
       "      <th>RAD</th>\n",
       "      <td>0.625505</td>\n",
       "      <td>-0.311948</td>\n",
       "      <td>0.595129</td>\n",
       "      <td>-0.007368</td>\n",
       "      <td>0.611441</td>\n",
       "      <td>-0.209847</td>\n",
       "      <td>0.456022</td>\n",
       "      <td>-0.494588</td>\n",
       "      <td>1.000000</td>\n",
       "      <td>0.910228</td>\n",
       "      <td>0.464741</td>\n",
       "      <td>-0.444413</td>\n",
       "      <td>0.488676</td>\n",
       "      <td>-0.381626</td>\n",
       "    </tr>\n",
       "    <tr>\n",
       "      <th>TAX</th>\n",
       "      <td>0.582764</td>\n",
       "      <td>-0.314563</td>\n",
       "      <td>0.720760</td>\n",
       "      <td>-0.035587</td>\n",
       "      <td>0.668023</td>\n",
       "      <td>-0.292048</td>\n",
       "      <td>0.506456</td>\n",
       "      <td>-0.534432</td>\n",
       "      <td>0.910228</td>\n",
       "      <td>1.000000</td>\n",
       "      <td>0.460853</td>\n",
       "      <td>-0.441808</td>\n",
       "      <td>0.543993</td>\n",
       "      <td>-0.468536</td>\n",
       "    </tr>\n",
       "    <tr>\n",
       "      <th>PTRATIO</th>\n",
       "      <td>0.289946</td>\n",
       "      <td>-0.391679</td>\n",
       "      <td>0.383248</td>\n",
       "      <td>-0.121515</td>\n",
       "      <td>0.188933</td>\n",
       "      <td>-0.355501</td>\n",
       "      <td>0.261515</td>\n",
       "      <td>-0.232471</td>\n",
       "      <td>0.464741</td>\n",
       "      <td>0.460853</td>\n",
       "      <td>1.000000</td>\n",
       "      <td>-0.177383</td>\n",
       "      <td>0.374044</td>\n",
       "      <td>-0.507787</td>\n",
       "    </tr>\n",
       "    <tr>\n",
       "      <th>B</th>\n",
       "      <td>-0.385064</td>\n",
       "      <td>0.175520</td>\n",
       "      <td>-0.356977</td>\n",
       "      <td>0.048788</td>\n",
       "      <td>-0.380051</td>\n",
       "      <td>0.128069</td>\n",
       "      <td>-0.273534</td>\n",
       "      <td>0.291512</td>\n",
       "      <td>-0.444413</td>\n",
       "      <td>-0.441808</td>\n",
       "      <td>-0.177383</td>\n",
       "      <td>1.000000</td>\n",
       "      <td>-0.366087</td>\n",
       "      <td>0.333461</td>\n",
       "    </tr>\n",
       "    <tr>\n",
       "      <th>LSTAT</th>\n",
       "      <td>0.455621</td>\n",
       "      <td>-0.412995</td>\n",
       "      <td>0.603800</td>\n",
       "      <td>-0.053929</td>\n",
       "      <td>0.590879</td>\n",
       "      <td>-0.613808</td>\n",
       "      <td>0.602339</td>\n",
       "      <td>-0.496996</td>\n",
       "      <td>0.488676</td>\n",
       "      <td>0.543993</td>\n",
       "      <td>0.374044</td>\n",
       "      <td>-0.366087</td>\n",
       "      <td>1.000000</td>\n",
       "      <td>-0.737663</td>\n",
       "    </tr>\n",
       "    <tr>\n",
       "      <th>MEDV</th>\n",
       "      <td>-0.388305</td>\n",
       "      <td>0.360445</td>\n",
       "      <td>-0.483725</td>\n",
       "      <td>0.175260</td>\n",
       "      <td>-0.427321</td>\n",
       "      <td>0.695360</td>\n",
       "      <td>-0.376955</td>\n",
       "      <td>0.249929</td>\n",
       "      <td>-0.381626</td>\n",
       "      <td>-0.468536</td>\n",
       "      <td>-0.507787</td>\n",
       "      <td>0.333461</td>\n",
       "      <td>-0.737663</td>\n",
       "      <td>1.000000</td>\n",
       "    </tr>\n",
       "  </tbody>\n",
       "</table>\n",
       "</div>"
      ],
      "text/plain": [
       "             CRIM        ZN     INDUS      CHAS       NOX        RM       AGE   \n",
       "CRIM     1.000000 -0.200469  0.406583 -0.055892  0.420972 -0.219247  0.352734  \\\n",
       "ZN      -0.200469  1.000000 -0.533828 -0.042697 -0.516604  0.311991 -0.569537   \n",
       "INDUS    0.406583 -0.533828  1.000000  0.062938  0.763651 -0.391676  0.644779   \n",
       "CHAS    -0.055892 -0.042697  0.062938  1.000000  0.091203  0.091251  0.086518   \n",
       "NOX      0.420972 -0.516604  0.763651  0.091203  1.000000 -0.302188  0.731470   \n",
       "RM      -0.219247  0.311991 -0.391676  0.091251 -0.302188  1.000000 -0.240265   \n",
       "AGE      0.352734 -0.569537  0.644779  0.086518  0.731470 -0.240265  1.000000   \n",
       "DIS     -0.379670  0.664408 -0.708027 -0.099176 -0.769230  0.205246 -0.747881   \n",
       "RAD      0.625505 -0.311948  0.595129 -0.007368  0.611441 -0.209847  0.456022   \n",
       "TAX      0.582764 -0.314563  0.720760 -0.035587  0.668023 -0.292048  0.506456   \n",
       "PTRATIO  0.289946 -0.391679  0.383248 -0.121515  0.188933 -0.355501  0.261515   \n",
       "B       -0.385064  0.175520 -0.356977  0.048788 -0.380051  0.128069 -0.273534   \n",
       "LSTAT    0.455621 -0.412995  0.603800 -0.053929  0.590879 -0.613808  0.602339   \n",
       "MEDV    -0.388305  0.360445 -0.483725  0.175260 -0.427321  0.695360 -0.376955   \n",
       "\n",
       "              DIS       RAD       TAX   PTRATIO         B     LSTAT      MEDV  \n",
       "CRIM    -0.379670  0.625505  0.582764  0.289946 -0.385064  0.455621 -0.388305  \n",
       "ZN       0.664408 -0.311948 -0.314563 -0.391679  0.175520 -0.412995  0.360445  \n",
       "INDUS   -0.708027  0.595129  0.720760  0.383248 -0.356977  0.603800 -0.483725  \n",
       "CHAS    -0.099176 -0.007368 -0.035587 -0.121515  0.048788 -0.053929  0.175260  \n",
       "NOX     -0.769230  0.611441  0.668023  0.188933 -0.380051  0.590879 -0.427321  \n",
       "RM       0.205246 -0.209847 -0.292048 -0.355501  0.128069 -0.613808  0.695360  \n",
       "AGE     -0.747881  0.456022  0.506456  0.261515 -0.273534  0.602339 -0.376955  \n",
       "DIS      1.000000 -0.494588 -0.534432 -0.232471  0.291512 -0.496996  0.249929  \n",
       "RAD     -0.494588  1.000000  0.910228  0.464741 -0.444413  0.488676 -0.381626  \n",
       "TAX     -0.534432  0.910228  1.000000  0.460853 -0.441808  0.543993 -0.468536  \n",
       "PTRATIO -0.232471  0.464741  0.460853  1.000000 -0.177383  0.374044 -0.507787  \n",
       "B        0.291512 -0.444413 -0.441808 -0.177383  1.000000 -0.366087  0.333461  \n",
       "LSTAT   -0.496996  0.488676  0.543993  0.374044 -0.366087  1.000000 -0.737663  \n",
       "MEDV     0.249929 -0.381626 -0.468536 -0.507787  0.333461 -0.737663  1.000000  "
      ]
     },
     "execution_count": 10,
     "metadata": {},
     "output_type": "execute_result"
    }
   ],
   "source": [
    "boston.corr()"
   ]
  },
  {
   "cell_type": "code",
   "execution_count": 11,
   "id": "f676c22b",
   "metadata": {},
   "outputs": [
    {
     "data": {
